RESULTS testBlurredUV/test_initial.dat
INITIAL: 2.2416 0.6784 0.00 90.00 180.00 0.000
FINAL:   1.9954 0.2286 0.08 95.46 186.34 0.042
TRUE:    2.0000 0.2000 0.00 77.00  29.00 0.000

RESULTS testBlurredUV/01.dat
INITIAL: 2.5129 0.7084 30.00 230.00 180.00 0.000
FINAL:   2.3787 0.5689 34.44 286.28 213.36 0.035
TRUE:    2.0000 0.5000 00.00 100.00  29.00 0.000

RESULTS testBlurredUV/02.dat
INITIAL: 3.1530 0.7588  90.00 190.00 180.00  0.000
FINAL:   3.0903 0.7844 123.32 184.85 152.85 -0.028
TRUE:    3.0000 0.4000  40.00  10.00  80.00 344.0

RESULTS testBlurredUV/03.dat
INITIAL: 1.5736 0.5602 50.00 190.00 180.00 0.000
FINAL:   1.5907 0.4441 59.39 164.37 183.98 0.029
TRUE:    1.0000 0.1000  0.00  10.00  80.00 2864.0

RESULTS testBlurredUV/04.dat
INITIAL: 1.5324 0.5495 50.00 190.00 180.00 0.000
FINAL:   1.5881 0.3818 67.06 156.27 176.03 0.070
TRUE:    1.0000 0.1000 50.00  70.00 130.00 2864.0

RESULTS testBlurredUV/05.dat
INITIAL: 2.3358 0.6896 90.00 190.00 180.00 0.000
FINAL:   2.3940 0.4534 91.62 182.62 150.32 0.073
TRUE:    2.5000 0.3000 90.00   0.00  29.00 2864.0

RESULTS testBlurredUV/06.dat
INITIAL: 2.0499 0.6523 20.00 190.00 180.00  0.000
FINAL:   2.5448 0.5302 19.75 181.45 189.16 -0.015
TRUE:    1.5000 0.5000  0.00  29.00  70.00  2864.0

RESULTS testBlurredUV/07.dat
INITIAL: 1.5791 0.5616 20.00 240.00 180.00  0.000
FINAL:   1.6260 0.4389 20.62 217.41 252.92 -0.027
TRUE:    1.5000 0.5000 59.00 119.00 90.00   0.000

RESULTS testBlurredUV/08.dat
INITIAL: 3.4878 0.7778 20.00 240.00 180.00 0.000
FINAL:   3.4761 0.8146 22.55 192.54 172.77 0.025
TRUE:    2.5000 0.6500 20.00   0.00   0.00 0.000

RESULTS testBlurredUV/09.dat
INITIAL: 2.2976 0.6852 20.00 240.00 180.00 0.000
FINAL:   2.2891 0.7150 21.22 204.09 176.68 0.016
TRUE:    1.5000 0.5000  0.00   0.00   0.00 0.000

RESULTS testBlurredUV/10.dat
INITIAL: 4.2231 0.8090 40.00  90.00 180.00 0.000
FINAL:   4.4103 0.4058 35.91 100.60 238.67 0.003
TRUE:    5.0000 0.2000  5.00  77.00  29.00 0.000