RESULTS testBlurredUV/01.dat
INITIAL: 25128.718875083272 0.5160315454470177 30.000000000000004 229.99999999999997 -135.0 0
FINAL:   24681.7439613805 0.6817953874049656 29.86519172085109 -101.00639532892819 -125.64982082325525 0.09678299446565468
TRUE:    20000.0 0.5 0.0 100.0 29.0 0.0

RESULTS testBlurredUV/02.dat
INITIAL: 31530.27592644896 0.5972933485524927 90.0 190.0 -135.0 0
FINAL:   30945.09949909081 0.7416026151235658 90.0 -156.727821556372 -52.49941652438842 -0.019316510978476937
TRUE:    30000.0 0.4 40.0 10.0 80.0 344.0

RESULTS testBlurredUV/03.dat
INITIAL: 15735.841613197903 0.2972870291507074 50.0 190.0 -135.0 0
FINAL:   12595.910709078793 0.4059573665466134 17.51770655634197 -147.70982643879617 -69.93263780695901 -0.007313524376812152
TRUE:    10000.0 0.1 0.0 10.0 80.0 2864.0

RESULTS testBlurredUV/04.dat
INITIAL: 15324.072166306007 0.2826189966596197 50.0 190.0 -135.0 0
FINAL:   16361.673728294109 0.2751073276974464 30.536736169914835 -165.63439206616934 -54.22022286311079 -0.0009322924219662386
TRUE:    10000.0 0.1 50.0 70.0 130.0 2864.0

RESULTS testBlurredUV/05.dat
INITIAL: 23358.2160635637 0.48663821027912585 90.0 190.0 -135.0 0
FINAL:   25173.483921605162 0.39955101724347475 90.0 -170.18569742274423 -40.92199735711112 -0.0060566592082213965
TRUE:    25000.0 0.3 90.0 0.0 29.0 2864.0

RESULTS testBlurredUV/06.dat
INITIAL: 20498.948748448667 0.42989190208462635 20.000000000000004 190.0 -135.0 0
FINAL:   18390.584170485214 0.47175276208753 23.62696832329747 -170.2711128565977 -47.831204183666095 -0.0032885103423220337
TRUE:    15000.0 0.5 0.0 29.0 70.0 2864.0

RESULTS testBlurredUV/07.dat
INITIAL: 15791.44142127731 0.29921883404412447 20.000000000000004 240.00000000000003 -135.0 0
FINAL:   15434.86985737807 0.30943150496444494 19.48357185323236 -121.92743122407839 -112.20271646786443 0.009193379142439603
TRUE:    15000.0 0.5 59.0 119.0 90.0 0.0

RESULTS testBlurredUV/08.dat
INITIAL: 34878.10259139436 0.6289068434506007 20.000000000000004 240.00000000000003 -135.0 0
FINAL:   37584.28084776706 0.630410443221367 28.546843856345447 -114.8767414431561 -106.01906641296232 -0.025518831876732755
TRUE:    25000.0 0.65 20.0 0.0 0.0 0.0

RESULTS testBlurredUV/09.dat
INITIAL: 22976.115931620036 0.47977282443439845 20.000000000000004 240.00000000000003 -135.0 0
FINAL:   22116.32156176486 0.5915024558979939 21.467920842757618 -141.00638892834166 -84.65040306688574 0.01883664959308091
TRUE:    15000.0 0.5 0.0 0.0 0.0 0.0

RESULTS testBlurredUV/10.dat
INITIAL: 42231.1220406126 0.6819827993437741 40.0 90.0 -135.0 0
FINAL:   46167.18441016804 0.27040508777573236 21.162826686339578 90.0 -113.32972214423536 0.26438460143169934
TRUE:    50000.0 0.2 5.0 77.00000000000001 29.0 0.0